A: -7
B: -5, A/B: 1.4
C: 1.4, sqrt(C):1.1832159566199232

A: 9
B: 7, A/B: 1.2857142857142858
C: 1.2857142857142858, sqrt(C): 1.1338934190276817

A: -2
B: -5, A/B: -0.4